2 0.1 0.60546875 0.075 0.0515625
2 0.084375 0.6953125 0.05 0.059375
10 0.8375 0.565625 0.096875 0.121875
11 0.6828125 0.409375 0.03125 0.0625
11 0.6078125 0.4640625 0.05 0.034375
2 0.60078125 0.2765625 0.1796875 0.053125
8 0.596875 0.40390625 0.103125 0.0703125
11 0.5921875 0.51015625 0.071875 0.0515625
11 0.5390625 0.4984375 0.028125 0.0375
0 0.525 0.35234375 0.11875 0.1078125
2 0.50625 0.54375 0.04375 0.05625
1 0.48359375 0.45 0.0921875 0.078125
2 0.45 0.50546875 0.015625 0.0234375
6 0.428125 0.25625 0.159375 0.075
2 0.4078125 0.52421875 0.03125 0.0390625
2 0.40078125 0.490625 0.0328125 0.03125
1 0.3765625 0.56484375 0.06875 0.0390625
11 0.3609375 0.528125 0.059375 0.0375
1 0.3375 0.4828125 0.08125 0.034375
9 0.334375 0.38359375 0.234375 0.1578125
1 0.2578125 0.4984375 0.078125 0.071875
11 0.2203125 0.30234375 0.071875 0.0328125