2 0.5921875 0.8609375 0.05 0.071875
2 0.6796875 0.87578125 0.05625 0.0484375
10 0.553125 0.14375 0.11875 0.09375
11 0.4015625 0.29296875 0.059375 0.0296875
11 0.45546875 0.36640625 0.0328125 0.0484375
2 0.271875 0.3734375 0.05 0.175
8 0.3953125 0.3765625 0.06875 0.1
11 0.4984375 0.38203125 0.05 0.0703125
11 0.48828125 0.434375 0.0359375 0.028125
0 0.34609375 0.4484375 0.1046875 0.115625
2 0.53125 0.465625 0.05625 0.04375
1 0.440625 0.4875 0.075 0.090625
2 0.4953125 0.5203125 0.021875 0.015625
6 0.253125 0.54140625 0.071875 0.1546875
2 0.5125 0.56171875 0.0375 0.0296875
2 0.4796875 0.56875 0.03125 0.03125
1 0.553125 0.5921875 0.0375 0.065625
11 0.5171875 0.60625 0.034375 0.059375
1 0.471875 0.6296875 0.034375 0.078125
9 0.3765625 0.6328125 0.153125 0.228125
1 0.4875 0.7078125 0.06875 0.075
11 0.2984375 0.74375 0.03125 0.071875